trace_1_FC_devices_seqlen_1024.txt.log	0.0492565	0.042865	0.0063915	99.57873580136632	0	12576	0	0	0	0	0	0	0	0	12608	0	0	798720	704	0	0	0	71168	12544	704	12544	0	3808	0	0	
trace_1_FC_devices_seqlen_2048.txt.log	0.0492565	0.042865	0.0063915	99.57873580136632	0	12576	0	0	0	0	0	0	0	0	12608	0	0	798720	704	0	0	0	71168	12544	704	12544	0	3808	0	0	
trace_1_FC_devices_seqlen_3072.txt.log	0.0492565	0.042865	0.0063915	99.57873580136632	0	12576	0	0	0	0	0	0	0	0	12608	0	0	798720	704	0	0	0	71168	12544	704	12544	0	3808	0	0	
trace_1_FC_devices_seqlen_4096.txt.log	0.0492565	0.042865	0.0063915	99.57873580136632	0	12576	0	0	0	0	0	0	0	0	12608	0	0	798720	704	0	0	0	71168	12544	704	12544	0	3808	0	0	
trace_2_FC_devices_seqlen_1024.txt.log	0.0261665	0.022931	0.0032355	99.60254523914165	0	6272	0	0	0	0	0	0	0	0	6304	0	0	399360	352	0	0	0	71168	6272	352	6272	0	2912	0	0	
trace_2_FC_devices_seqlen_2048.txt.log	0.0261665	0.022931	0.0032355	99.60254523914165	0	6272	0	0	0	0	0	0	0	0	6304	0	0	399360	352	0	0	0	71168	6272	352	6272	0	2912	0	0	
trace_2_FC_devices_seqlen_3072.txt.log	0.0261665	0.022931	0.0032355	99.60254523914165	0	6272	0	0	0	0	0	0	0	0	6304	0	0	399360	352	0	0	0	71168	6272	352	6272	0	2912	0	0	
trace_2_FC_devices_seqlen_4096.txt.log	0.0261665	0.022931	0.0032355	99.60254523914165	0	6272	0	0	0	0	0	0	0	0	6304	0	0	399360	352	0	0	0	71168	6272	352	6272	0	2912	0	0	
trace_4_FC_devices_seqlen_1024.txt.log	0.0151715	0.013442	0.0017295	99.6407738193323	0	3264	0	0	0	0	0	0	0	0	3296	0	0	207872	192	0	0	0	71168	3264	192	3264	0	2592	0	0	
trace_4_FC_devices_seqlen_2048.txt.log	0.0151715	0.013442	0.0017295	99.6407738193323	0	3264	0	0	0	0	0	0	0	0	3296	0	0	207872	192	0	0	0	71168	3264	192	3264	0	2592	0	0	
trace_4_FC_devices_seqlen_3072.txt.log	0.0151715	0.013442	0.0017295	99.6407738193323	0	3264	0	0	0	0	0	0	0	0	3296	0	0	207872	192	0	0	0	71168	3264	192	3264	0	2592	0	0	
trace_4_FC_devices_seqlen_4096.txt.log	0.0151715	0.013442	0.0017295	99.6407738193323	0	3264	0	0	0	0	0	0	0	0	3296	0	0	207872	192	0	0	0	71168	3264	192	3264	0	2592	0	0	
trace_8_FC_devices_seqlen_1024.txt.log	0.009195	0.0082825	0.0009125	99.70092441544318	0	1632	0	0	0	0	0	0	0	0	1664	0	0	103936	96	0	0	0	71168	1632	96	1632	0	2400	0	0	
trace_8_FC_devices_seqlen_2048.txt.log	0.009195	0.0082825	0.0009125	99.70092441544318	0	1632	0	0	0	0	0	0	0	0	1664	0	0	103936	96	0	0	0	71168	1632	96	1632	0	2400	0	0	
trace_8_FC_devices_seqlen_3072.txt.log	0.009195	0.0082825	0.0009125	99.70092441544318	0	1632	0	0	0	0	0	0	0	0	1664	0	0	103936	96	0	0	0	71168	1632	96	1632	0	2400	0	0	
trace_8_FC_devices_seqlen_4096.txt.log	0.009195	0.0082825	0.0009125	99.70092441544318	0	1632	0	0	0	0	0	0	0	0	1664	0	0	103936	96	0	0	0	71168	1632	96	1632	0	2400	0	0	
