trace_10_FC_devices_seqlen_1024.txt.log	0.011488	0.0103675	0.0011205	99.70403899721448	0	2048	0	0	0	0	0	0	0	0	2080	0	0	130048	96	0	0	0	89088	2048	96	2048	0	2976	0	0	
trace_10_FC_devices_seqlen_2048.txt.log	0.011488	0.0103675	0.0011205	99.70403899721448	0	2048	0	0	0	0	0	0	0	0	2080	0	0	130048	96	0	0	0	89088	2048	96	2048	0	2976	0	0	
trace_10_FC_devices_seqlen_3072.txt.log	0.011488	0.0103675	0.0011205	99.70403899721448	0	2048	0	0	0	0	0	0	0	0	2080	0	0	130048	96	0	0	0	89088	2048	96	2048	0	2976	0	0	
trace_10_FC_devices_seqlen_4096.txt.log	0.011488	0.0103675	0.0011205	99.70403899721448	0	2048	0	0	0	0	0	0	0	0	2080	0	0	130048	96	0	0	0	89088	2048	96	2048	0	2976	0	0	
trace_1_FC_devices_seqlen_1024.txt.log	0.0752485	0.065367	0.0098815	99.57607128381296	0	19552	0	0	0	0	0	0	0	0	19584	0	0	1239040	864	0	0	0	89088	19520	864	19520	0	4768	0	0	
trace_1_FC_devices_seqlen_2048.txt.log	0.0752485	0.065367	0.0098815	99.57607128381296	0	19552	0	0	0	0	0	0	0	0	19584	0	0	1239040	864	0	0	0	89088	19520	864	19520	0	4768	0	0	
trace_1_FC_devices_seqlen_3072.txt.log	0.0752485	0.065367	0.0098815	99.57607128381296	0	19552	0	0	0	0	0	0	0	0	19584	0	0	1239040	864	0	0	0	89088	19520	864	19520	0	4768	0	0	
trace_1_FC_devices_seqlen_4096.txt.log	0.0752485	0.065367	0.0098815	99.57607128381296	0	19552	0	0	0	0	0	0	0	0	19584	0	0	1239040	864	0	0	0	89088	19520	864	19520	0	4768	0	0	
trace_20_FC_devices_seqlen_1024.txt.log	0.010299	0.0093385	0.0009605	99.72327410428197	0	1728	0	0	0	0	0	0	0	0	1760	0	0	109568	64	0	0	0	89088	1728	64	1728	0	2912	0	0	
trace_20_FC_devices_seqlen_2048.txt.log	0.010299	0.0093385	0.0009605	99.72327410428197	0	1728	0	0	0	0	0	0	0	0	1760	0	0	109568	64	0	0	0	89088	1728	64	1728	0	2912	0	0	
trace_20_FC_devices_seqlen_3072.txt.log	0.010299	0.0093385	0.0009605	99.72327410428197	0	1728	0	0	0	0	0	0	0	0	1760	0	0	109568	64	0	0	0	89088	1728	64	1728	0	2912	0	0	
trace_20_FC_devices_seqlen_4096.txt.log	0.010299	0.0093385	0.0009605	99.72327410428197	0	1728	0	0	0	0	0	0	0	0	1760	0	0	109568	64	0	0	0	89088	1728	64	1728	0	2912	0	0	
trace_2_FC_devices_seqlen_1024.txt.log	0.040147	0.0350865	0.0050605	99.59523750217949	0	9920	0	0	0	0	0	0	0	0	9952	0	0	629760	448	0	0	0	89088	9920	448	9920	0	3680	0	0	
trace_2_FC_devices_seqlen_2048.txt.log	0.040147	0.0350865	0.0050605	99.59523750217949	0	9920	0	0	0	0	0	0	0	0	9952	0	0	629760	448	0	0	0	89088	9920	448	9920	0	3680	0	0	
trace_2_FC_devices_seqlen_3072.txt.log	0.040147	0.0350865	0.0050605	99.59523750217949	0	9920	0	0	0	0	0	0	0	0	9952	0	0	629760	448	0	0	0	89088	9920	448	9920	0	3680	0	0	
trace_2_FC_devices_seqlen_4096.txt.log	0.040147	0.0350865	0.0050605	99.59523750217949	0	9920	0	0	0	0	0	0	0	0	9952	0	0	629760	448	0	0	0	89088	9920	448	9920	0	3680	0	0	
trace_4_FC_devices_seqlen_1024.txt.log	0.024034	0.0211835	0.0028505	99.62553049846052	0	5504	0	0	0	0	0	0	0	0	5536	0	0	349184	224	0	0	0	89088	5504	224	5504	0	3232	0	0	
trace_4_FC_devices_seqlen_2048.txt.log	0.024034	0.0211835	0.0028505	99.62553049846052	0	5504	0	0	0	0	0	0	0	0	5536	0	0	349184	224	0	0	0	89088	5504	224	5504	0	3232	0	0	
trace_4_FC_devices_seqlen_3072.txt.log	0.024034	0.0211835	0.0028505	99.62553049846052	0	5504	0	0	0	0	0	0	0	0	5536	0	0	349184	224	0	0	0	89088	5504	224	5504	0	3232	0	0	
trace_4_FC_devices_seqlen_4096.txt.log	0.024034	0.0211835	0.0028505	99.62553049846052	0	5504	0	0	0	0	0	0	0	0	5536	0	0	349184	224	0	0	0	89088	5504	224	5504	0	3232	0	0	
trace_5_FC_devices_seqlen_1024.txt.log	0.01895	0.0168045	0.0021455	99.64379947229551	0	4096	0	0	0	0	0	0	0	0	4128	0	0	260096	192	0	0	0	89088	4096	192	4096	0	3168	0	0	
trace_5_FC_devices_seqlen_2048.txt.log	0.01895	0.0168045	0.0021455	99.64379947229551	0	4096	0	0	0	0	0	0	0	0	4128	0	0	260096	192	0	0	0	89088	4096	192	4096	0	3168	0	0	
trace_5_FC_devices_seqlen_3072.txt.log	0.01895	0.0168045	0.0021455	99.64379947229551	0	4096	0	0	0	0	0	0	0	0	4128	0	0	260096	192	0	0	0	89088	4096	192	4096	0	3168	0	0	
trace_5_FC_devices_seqlen_4096.txt.log	0.01895	0.0168045	0.0021455	99.64379947229551	0	4096	0	0	0	0	0	0	0	0	4128	0	0	260096	192	0	0	0	89088	4096	192	4096	0	3168	0	0	
