trace_16_FC_devices_seqlen_1024.txt.log	0.056321	0.05301875	0.00330225	71.87172635429059	2433	6304	1921	11008	28224	0	0	0	0	0	6368	0	0	401536	128	23936	2816	2816	188416	8128	128	8128	64	13792	0	0	
trace_16_FC_devices_seqlen_14592.txt.log	0.23497	0.232052	0.002918	39.77764448653019	7937	5712	7425	119552	245312	0	0	0	0	0	5712	0	0	520320	128	78208	2816	2816	421888	11968	128	11968	0	21472	0	0	
trace_16_FC_devices_seqlen_2048.txt.log	0.0785235	0.07414925	0.00437425	67.69659321731712	3073	8448	2561	19200	44608	0	0	0	0	0	8512	0	0	532608	128	28032	2816	2816	204800	10176	128	10176	64	17888	0	0	
trace_16_FC_devices_seqlen_2304.txt.log	0.0660295	0.063580796875	0.002448703125	57.667950499397996	3457	4448	2945	21248	48704	0	0	0	0	0	4576	0	0	307328	128	29056	2816	2816	208896	6848	128	6848	128	11232	0	0	
trace_16_FC_devices_seqlen_3072.txt.log	0.1006975	0.09526725	0.00543025	65.32012649271333	3457	10560	2945	27392	60992	0	0	0	0	0	10624	0	0	663680	128	32128	2816	2816	221184	12224	128	12224	64	21984	0	0	
trace_16_FC_devices_seqlen_30976.txt.log	0.463314	0.459588	0.003726	36.618315278623136	14209	7328	13697	250624	507456	0	0	0	0	0	7328	0	0	815232	128	143744	2816	2816	716800	20160	128	20160	0	37856	0	0	
trace_16_FC_devices_seqlen_4096.txt.log	0.1228715	0.11638525	0.00648625	63.80139770003622	3841	12672	3329	35584	77376	0	0	0	0	0	12736	0	0	794752	128	36224	2816	2816	237568	14272	128	14272	64	26080	0	0	
trace_16_FC_devices_seqlen_6400.txt.log	0.12049	0.118076	0.002414	45.76046248651341	4993	4704	4481	54016	114240	0	0	0	0	0	4704	0	0	372864	128	45440	2816	2816	274432	7872	128	7872	0	13280	0	0	
trace_1_FC_devices_seqlen_1024.txt.log	0.236547	0.20905275	0.02749425	92.94537000046502	2433	54688	1921	11008	28224	0	0	0	0	0	54752	0	0	3506304	1792	23936	2816	2816	204800	58432	1792	58432	64	23072	0	0	
trace_1_FC_devices_seqlen_14592.txt.log	0.522641	0.49138290625	0.03125809375	72.27893704761013	8065	62112	7553	119552	245312	0	0	0	0	0	62176	0	0	4284544	1792	78208	2816	2816	864256	119360	1792	119360	64	144928	0	0	
trace_1_FC_devices_seqlen_2048.txt.log	0.2653655	0.23676725	0.02859825	90.05252896476746	3073	56896	2561	19200	44608	0	0	0	0	0	56960	0	0	3670144	1792	28032	2816	2816	253952	64576	1792	64576	64	35360	0	0	
trace_1_FC_devices_seqlen_2304.txt.log	0.259529	0.23211090625	0.02741809375	89.01061514320172	3457	54432	2945	21248	48704	0	0	0	0	0	54496	0	0	3498112	1792	29056	2816	2816	274432	64064	1792	64064	64	34336	0	0	
trace_1_FC_devices_seqlen_3072.txt.log	0.2941555	0.26446925	0.02968625	87.71426804870214	3457	59072	2945	27392	60992	0	0	0	0	0	59136	0	0	3833984	1792	32128	2816	2816	303104	70720	1792	70720	64	47648	0	0	
trace_1_FC_devices_seqlen_30976.txt.log	0.873457	0.83707890625	0.03637809375	65.65032501599964	14209	72352	13697	250624	507456	0	0	0	0	0	72416	0	0	5333120	1792	143744	2816	2816	1650688	193088	1792	193088	64	292384	0	0	
trace_1_FC_devices_seqlen_4096.txt.log	0.3229455	0.29217125	0.03077425	85.79291049108906	3841	61248	3329	35584	77376	0	0	0	0	0	61312	0	0	3997824	1792	36224	2816	2816	352256	76864	1792	76864	64	59936	0	0	
trace_1_FC_devices_seqlen_6400.txt.log	0.347233	0.31853490625	0.02869809375	80.61600117932339	4993	56992	4481	54016	114240	0	0	0	0	0	57056	0	0	3760256	1792	45440	2816	2816	471040	82496	1792	82496	64	71200	0	0	
trace_2_FC_devices_seqlen_1024.txt.log	0.137315	0.12292475	0.01439025	88.22232412700724	2433	28480	1921	11008	28224	0	0	0	0	0	28544	0	0	1818752	896	23936	2816	2816	188416	30272	896	30272	64	15776	0	0	
trace_2_FC_devices_seqlen_14592.txt.log	0.363544	0.347658	0.015886	60.66319087235657	8065	31648	7553	119552	245312	0	0	0	0	0	31648	0	0	2150528	896	78208	2816	2816	634880	60736	896	60736	0	76704	0	0	
trace_2_FC_devices_seqlen_2048.txt.log	0.1628255	0.14734725	0.01547825	84.16147578235595	3073	30656	2561	19200	44608	0	0	0	0	0	30720	0	0	1966208	896	28032	2816	2816	221184	34368	896	34368	64	23968	0	0	
trace_2_FC_devices_seqlen_2304.txt.log	0.153856	0.140082	0.013774	81.88688814540869	3457	27424	2945	21248	48704	0	0	0	0	0	27424	0	0	1757312	896	29056	2816	2816	241664	33088	896	33088	0	21408	0	0	
trace_2_FC_devices_seqlen_3072.txt.log	0.1883075	0.17175725	0.01655025	81.18069845863813	3457	32800	2945	27392	60992	0	0	0	0	0	32864	0	0	2113664	896	32128	2816	2816	253952	38464	896	38464	64	32160	0	0	
trace_2_FC_devices_seqlen_30976.txt.log	0.643128	0.624426	0.018702	53.8933759103942	14209	37280	13697	250624	507456	0	0	0	0	0	37280	0	0	2674816	896	143744	2816	2816	1159168	97600	896	97600	0	150432	0	0	
trace_2_FC_devices_seqlen_4096.txt.log	0.2137895	0.19616725	0.01762225	78.91049080988543	3841	34944	3329	35584	77376	0	0	0	0	0	35008	0	0	2261120	896	36224	2816	2816	286720	42560	896	42560	64	40352	0	0	
trace_2_FC_devices_seqlen_6400.txt.log	0.223752	0.209274	0.014478	70.39239453725553	4993	28832	4481	54016	114240	0	0	0	0	0	28832	0	0	1888384	896	45440	2816	2816	372736	42304	896	42304	0	39840	0	0	
trace_32_FC_devices_seqlen_1024.txt.log	0.052557	0.04976675	0.00279025	69.88959605761364	2433	5280	1921	11008	28224	0	0	0	0	0	5344	0	0	336000	64	23936	2816	2816	188416	7104	64	7104	64	13664	0	0	
trace_32_FC_devices_seqlen_14592.txt.log	0.227238	0.22508	0.002158	37.799479510469205	8065	4192	7553	119552	245312	0	0	0	0	0	4192	0	0	438400	64	78208	2816	2816	405504	8896	64	8896	0	17248	0	0	
trace_32_FC_devices_seqlen_2048.txt.log	0.0747595	0.07089725	0.00386225	66.09291712090102	3073	7424	2561	19200	44608	0	0	0	0	0	7488	0	0	467072	64	28032	2816	2816	204800	9152	64	9152	64	17760	0	0	
trace_32_FC_devices_seqlen_2304.txt.log	0.0622655	0.060328796875	0.001936703125	55.136246195726365	3457	3424	2945	21248	48704	0	0	0	0	0	3552	0	0	241792	64	29056	2816	2816	208896	5824	64	5824	128	11104	0	0	
trace_32_FC_devices_seqlen_3072.txt.log	0.0969335	0.09201525	0.00491825	63.9910189717693	3457	9536	2945	27392	60992	0	0	0	0	0	9600	0	0	598144	64	32128	2816	2816	221184	11200	64	11200	64	21856	0	0	
trace_32_FC_devices_seqlen_30976.txt.log	0.45223	0.449312	0.002918	35.09641802843686	14081	5712	13569	250624	507456	0	0	0	0	0	5712	0	0	716928	64	143744	2816	2816	684032	15040	64	15040	0	29536	0	0	
trace_32_FC_devices_seqlen_4096.txt.log	0.1191075	0.11313325	0.00597425	62.67173299330437	3841	11648	3329	35584	77376	0	0	0	0	0	11712	0	0	729216	64	36224	2816	2816	237568	13248	64	13248	64	25952	0	0	
trace_32_FC_devices_seqlen_6400.txt.log	0.116726	0.114824	0.001902	44.02599356612923	4993	3680	4481	54016	114240	0	0	0	0	0	3680	0	0	307328	64	45440	2816	2816	274432	6848	64	6848	0	13152	0	0	
trace_4_FC_devices_seqlen_1024.txt.log	0.090387	0.08241275	0.00797425	82.33649128193214	2433	15648	1921	11008	28224	0	0	0	0	0	15712	0	0	999552	448	23936	2816	2816	188416	17472	448	17472	64	14432	0	0	
trace_4_FC_devices_seqlen_14592.txt.log	0.290996	0.282534	0.008462	51.153414694703706	8065	16800	7553	119552	245312	0	0	0	0	0	16800	0	0	1216640	448	78208	2816	2816	520192	33600	448	33600	0	46688	0	0	
trace_4_FC_devices_seqlen_2048.txt.log	0.1125895	0.10354325	0.00904625	77.36098281811358	3073	17792	2561	19200	44608	0	0	0	0	0	17856	0	0	1130624	448	28032	2816	2816	204800	19520	448	19520	64	18528	0	0	
trace_4_FC_devices_seqlen_2304.txt.log	0.103268	0.096054	0.007214	73.30527426211411	3457	14304	2945	21248	48704	0	0	0	0	0	14304	0	0	921728	448	29056	2816	2816	225280	18240	448	18240	0	15968	0	0	
trace_4_FC_devices_seqlen_3072.txt.log	0.1380715	0.12795325	0.01011825	74.55075359505764	3457	19936	2945	27392	60992	0	0	0	0	0	20000	0	0	1278080	448	32128	2816	2816	237568	23616	448	23616	64	26720	0	0	
trace_4_FC_devices_seqlen_30976.txt.log	0.5413	0.531174	0.010126	45.51863857842232	14209	20128	13697	250624	507456	0	0	0	0	0	20128	0	0	1609856	448	143744	2816	2816	913408	54080	448	54080	0	87648	0	0	
trace_4_FC_devices_seqlen_4096.txt.log	0.1602455	0.14907125	0.01117425	72.10894767715786	3841	22048	3329	35584	77376	0	0	0	0	0	22112	0	0	1409152	448	36224	2816	2816	253952	25664	448	25664	64	30816	0	0	
trace_4_FC_devices_seqlen_6400.txt.log	0.1658	0.158186	0.007614	60.33859506936067	4993	15104	4481	54016	114240	0	0	0	0	0	15104	0	0	1020032	448	45440	2816	2816	323584	23360	448	23360	0	26208	0	0	
trace_8_FC_devices_seqlen_1024.txt.log	0.067049	0.06227475	0.00477425	76.34265145639756	2433	9248	1921	11008	28224	0	0	0	0	0	9312	0	0	589952	224	23936	2816	2816	188416	11072	224	11072	64	13984	0	0	
trace_8_FC_devices_seqlen_14592.txt.log	0.253018	0.248332	0.004686	44.011054796496694	8065	9248	7553	119552	245312	0	0	0	0	0	9248	0	0	741504	224	78208	2816	2816	454656	19008	224	19008	0	29856	0	0	
trace_8_FC_devices_seqlen_2048.txt.log	0.0892515	0.08340525	0.00584625	71.5571657058985	3073	11392	2561	19200	44608	0	0	0	0	0	11456	0	0	721024	224	28032	2816	2816	204800	13120	224	13120	64	18080	0	0	
trace_8_FC_devices_seqlen_2304.txt.log	0.0767575	0.072836796875	0.003920703125	63.55856919519265	3457	7392	2945	21248	48704	0	0	0	0	0	7520	0	0	495744	224	29056	2816	2816	208896	9792	224	9792	128	11424	0	0	
trace_8_FC_devices_seqlen_3072.txt.log	0.1114255	0.10452325	0.00690225	68.64123898927983	3457	13504	2945	27392	60992	0	0	0	0	0	13568	0	0	852096	224	32128	2816	2816	221184	15168	224	15168	64	22176	0	0	
trace_8_FC_devices_seqlen_30976.txt.log	0.488682	0.482908	0.005774	39.82751372569483	14209	11424	13697	250624	507456	0	0	0	0	0	11424	0	0	1069184	224	143744	2816	2816	782336	31296	224	31296	0	54432	0	0	
trace_8_FC_devices_seqlen_4096.txt.log	0.1335995	0.12564125	0.00795825	66.6932464193354	3841	15616	3329	35584	77376	0	0	0	0	0	15680	0	0	983168	224	36224	2816	2816	237568	17216	224	17216	64	26272	0	0	
trace_8_FC_devices_seqlen_6400.txt.log	0.135186	0.131052	0.004134	51.53983446880594	4865	8144	4353	54016	114240	0	0	0	0	0	8144	0	0	577664	224	45440	2816	2816	290816	12864	224	12864	0	17568	0	0	
