trace_10_FC_devices_seqlen_1024.txt.log	0.032232	0.030278875	0.001953125	64.90395802308265	2389	2976	1877	6784	19392	0	0	0	0	0	3296	0	0	173184	96	25408	1664	1664	103424	3904	96	3904	320	7072	0	0	
trace_10_FC_devices_seqlen_2048.txt.log	0.042582	0.040324875	0.002257125	58.670770513362456	2789	3584	2277	11904	29632	0	0	0	0	0	3904	0	0	205952	96	29504	1664	1664	107520	4416	96	4416	320	8096	0	0	
trace_10_FC_devices_seqlen_3072.txt.log	0.0529	0.050354875	0.002545125	54.81651701323251	3029	4160	2517	17024	39872	0	0	0	0	0	4480	0	0	238720	96	33600	1664	1664	111616	4928	96	4928	320	9120	0	0	
trace_10_FC_devices_seqlen_4096.txt.log	0.063218	0.060384875	0.002833125	52.220392135151386	3269	4736	2757	22144	50112	0	0	0	0	0	5056	0	0	271488	96	37696	1664	1664	115712	5440	96	5440	320	10144	0	0	
trace_1_FC_devices_seqlen_1024.txt.log	0.0982525	0.087467375	0.010785125	88.15270285743365	2389	20640	1877	6784	19392	0	0	0	0	0	20960	0	0	1292416	864	25408	1664	1664	113664	22656	864	22656	320	11424	0	0	
trace_1_FC_devices_seqlen_2048.txt.log	0.1131225	0.101873375	0.011249125	84.04988231784128	2789	21568	2277	11904	29632	0	0	0	0	0	21888	0	0	1345664	864	29504	1664	1664	138240	25728	864	25728	320	17568	0	0	
trace_1_FC_devices_seqlen_3072.txt.log	0.1279605	0.116263375	0.011697125	80.88263809925719	3029	22464	2517	17024	39872	0	0	0	0	0	22784	0	0	1398912	864	33600	1664	1664	162816	28800	864	28800	320	23712	0	0	
trace_1_FC_devices_seqlen_4096.txt.log	0.1427985	0.130653375	0.012145125	78.373602051142	3269	23360	2757	22144	50112	0	0	0	0	0	23680	0	0	1452160	864	37696	1664	1664	187392	31872	864	31872	320	29856	0	0	
trace_20_FC_devices_seqlen_1024.txt.log	0.031043	0.029249875	0.001793125	63.57743694230583	2389	2656	1877	6784	19392	0	0	0	0	0	2976	0	0	152704	64	25408	1664	1664	103424	3584	64	3584	320	7008	0	0	
trace_20_FC_devices_seqlen_2048.txt.log	0.041393	0.039295875	0.002097125	57.49688957070036	2789	3264	2277	11904	29632	0	0	0	0	0	3584	0	0	185472	64	29504	1664	1664	107520	4096	64	4096	320	8032	0	0	
trace_20_FC_devices_seqlen_3072.txt.log	0.051711	0.049325875	0.002385125	53.78824137997718	3029	3840	2517	17024	39872	0	0	0	0	0	4160	0	0	218240	64	33600	1664	1664	111616	4608	64	4608	320	9056	0	0	
trace_20_FC_devices_seqlen_4096.txt.log	0.062029	0.059355875	0.002673125	51.31339776556127	3269	4416	2757	22144	50112	0	0	0	0	0	4736	0	0	251008	64	37696	1664	1664	115712	5120	64	5120	320	10080	0	0	
trace_2_FC_devices_seqlen_1024.txt.log	0.060891	0.055001875	0.005889125	81.23591232694487	2389	10848	1877	6784	19392	0	0	0	0	0	11168	0	0	672896	448	25408	1664	1664	103424	11776	448	11776	320	7776	0	0	
trace_2_FC_devices_seqlen_2048.txt.log	0.073501	0.067227875	0.006273125	75.8228842124597	2789	11616	2277	11904	29632	0	0	0	0	0	11936	0	0	715904	448	29504	1664	1664	117760	13568	448	13568	320	11360	0	0	
trace_2_FC_devices_seqlen_3072.txt.log	0.086079	0.079437875	0.006641125	71.9655236759256	3029	12352	2517	17024	39872	0	0	0	0	0	12672	0	0	758912	448	33600	1664	1664	132096	15360	448	15360	320	14944	0	0	
trace_2_FC_devices_seqlen_4096.txt.log	0.098657	0.091647875	0.007009125	69.0917300597018	3269	13088	2757	22144	50112	0	0	0	0	0	13408	0	0	801920	448	37696	1664	1664	146432	17152	448	17152	320	18528	0	0	
trace_4_FC_devices_seqlen_1024.txt.log	0.044778	0.041096875	0.003681125	74.64571748403233	2389	6432	1877	6784	19392	0	0	0	0	0	6752	0	0	392320	224	25408	1664	1664	103424	7360	224	7360	320	7328	0	0	
trace_4_FC_devices_seqlen_2048.txt.log	0.055128	0.051142875	0.003985125	68.00210986250181	2789	7040	2277	11904	29632	0	0	0	0	0	7360	0	0	425088	224	29504	1664	1664	107520	7872	224	7872	320	8352	0	0	
trace_4_FC_devices_seqlen_3072.txt.log	0.067706	0.063352875	0.004353125	64.55089375387706	3029	7776	2517	17024	39872	0	0	0	0	0	8096	0	0	468096	224	33600	1664	1664	121856	9664	224	9664	320	11936	0	0	
trace_4_FC_devices_seqlen_4096.txt.log	0.078024	0.073382875	0.004641125	61.160127813236954	3269	8352	2757	22144	50112	0	0	0	0	0	8672	0	0	500864	224	37696	1664	1664	125952	10176	224	10176	320	12960	0	0	
trace_5_FC_devices_seqlen_1024.txt.log	0.039694	0.036716875	0.002977125	71.45502941250567	2389	5024	1877	6784	19392	0	0	0	0	0	5344	0	0	303232	192	25408	1664	1664	103424	5952	192	5952	320	7264	0	0	
trace_5_FC_devices_seqlen_2048.txt.log	0.050044	0.046762875	0.003281125	64.79638543082088	2789	5632	2277	11904	29632	0	0	0	0	0	5952	0	0	336000	192	29504	1664	1664	107520	6464	192	6464	320	8288	0	0	
trace_5_FC_devices_seqlen_3072.txt.log	0.062622	0.058972875	0.003649125	61.70886928715148	3029	6368	2517	17024	39872	0	0	0	0	0	6688	0	0	379008	192	33600	1664	1664	121856	8256	192	8256	320	11872	0	0	
trace_5_FC_devices_seqlen_4096.txt.log	0.07294	0.069002875	0.003937125	58.48379232931176	3269	6944	2757	22144	50112	0	0	0	0	0	7264	0	0	411776	192	37696	1664	1664	125952	8768	192	8768	320	12896	0	0	
