trace_10_FC_devices_seqlen_1024.txt.log	0.044778	0.0400555	0.0047225	99.84925633123409	0	4384	0	0	0	0	0	448	0	0	0	0	0	260096	192	0	0	0	89088	4096	192	4096	0	3360	0	0	
trace_10_FC_devices_seqlen_2048.txt.log	0.044778	0.0400555	0.0047225	99.84925633123409	0	4384	0	0	0	0	0	448	0	0	0	0	0	260096	192	0	0	0	89088	4096	192	4096	0	3360	0	0	
trace_10_FC_devices_seqlen_3072.txt.log	0.044778	0.0400555	0.0047225	99.84925633123409	0	4384	0	0	0	0	0	448	0	0	0	0	0	260096	192	0	0	0	89088	4096	192	4096	0	3360	0	0	
trace_10_FC_devices_seqlen_4096.txt.log	0.044778	0.0400555	0.0047225	99.84925633123409	0	4384	0	0	0	0	0	448	0	0	0	0	0	260096	192	0	0	0	89088	4096	192	4096	0	3360	0	0	
trace_1_FC_devices_seqlen_1024.txt.log	0.330452	0.290991	0.039461	99.8070824204423	0	41856	0	0	0	0	0	3360	0	0	0	0	0	2478080	1728	0	0	0	89088	39040	1728	39040	0	7968	0	0	
trace_1_FC_devices_seqlen_2048.txt.log	0.330452	0.290991	0.039461	99.8070824204423	0	41856	0	0	0	0	0	3360	0	0	0	0	0	2478080	1728	0	0	0	89088	39040	1728	39040	0	7968	0	0	
trace_1_FC_devices_seqlen_3072.txt.log	0.330452	0.290991	0.039461	99.8070824204423	0	41856	0	0	0	0	0	3360	0	0	0	0	0	2478080	1728	0	0	0	89088	39040	1728	39040	0	7968	0	0	
trace_1_FC_devices_seqlen_4096.txt.log	0.330452	0.290991	0.039461	99.8070824204423	0	41856	0	0	0	0	0	3360	0	0	0	0	0	2478080	1728	0	0	0	89088	39040	1728	39040	0	7968	0	0	
trace_20_FC_devices_seqlen_1024.txt.log	0.0276565	0.0250245	0.002632	99.87706325818523	0	2048	0	0	0	0	0	256	0	0	0	0	0	130048	96	0	0	0	89088	2048	96	2048	0	3360	0	0	
trace_20_FC_devices_seqlen_2048.txt.log	0.0276565	0.0250245	0.002632	99.87706325818523	0	2048	0	0	0	0	0	256	0	0	0	0	0	130048	96	0	0	0	89088	2048	96	2048	0	3360	0	0	
trace_20_FC_devices_seqlen_3072.txt.log	0.0276565	0.0250245	0.002632	99.87706325818523	0	2048	0	0	0	0	0	256	0	0	0	0	0	130048	96	0	0	0	89088	2048	96	2048	0	3360	0	0	
trace_20_FC_devices_seqlen_4096.txt.log	0.0276565	0.0250245	0.002632	99.87706325818523	0	2048	0	0	0	0	0	256	0	0	0	0	0	130048	96	0	0	0	89088	2048	96	2048	0	3360	0	0	
trace_2_FC_devices_seqlen_1024.txt.log	0.170811	0.151063	0.019748	99.81353659893098	0	20800	0	0	0	0	0	1728	0	0	0	0	0	1239040	864	0	0	0	89088	19520	864	19520	0	4896	0	0	
trace_2_FC_devices_seqlen_2048.txt.log	0.170811	0.151063	0.019748	99.81353659893098	0	20800	0	0	0	0	0	1728	0	0	0	0	0	1239040	864	0	0	0	89088	19520	864	19520	0	4896	0	0	
trace_2_FC_devices_seqlen_3072.txt.log	0.170811	0.151063	0.019748	99.81353659893098	0	20800	0	0	0	0	0	1728	0	0	0	0	0	1239040	864	0	0	0	89088	19520	864	19520	0	4896	0	0	
trace_2_FC_devices_seqlen_4096.txt.log	0.170811	0.151063	0.019748	99.81353659893098	0	20800	0	0	0	0	0	1728	0	0	0	0	0	1239040	864	0	0	0	89088	19520	864	19520	0	4896	0	0	
trace_4_FC_devices_seqlen_1024.txt.log	0.092222	0.081969	0.010253	99.82379475613195	0	10528	0	0	0	0	0	928	0	0	0	0	0	629760	448	0	0	0	89088	9920	448	9920	0	3872	0	0	
trace_4_FC_devices_seqlen_2048.txt.log	0.092222	0.081969	0.010253	99.82379475613195	0	10528	0	0	0	0	0	928	0	0	0	0	0	629760	448	0	0	0	89088	9920	448	9920	0	3872	0	0	
trace_4_FC_devices_seqlen_3072.txt.log	0.092222	0.081969	0.010253	99.82379475613195	0	10528	0	0	0	0	0	928	0	0	0	0	0	629760	448	0	0	0	89088	9920	448	9920	0	3872	0	0	
trace_4_FC_devices_seqlen_4096.txt.log	0.092222	0.081969	0.010253	99.82379475613195	0	10528	0	0	0	0	0	928	0	0	0	0	0	629760	448	0	0	0	89088	9920	448	9920	0	3872	0	0	
trace_5_FC_devices_seqlen_1024.txt.log	0.075585	0.0669965	0.0085885	99.8293312165112	0	8448	0	0	0	0	0	768	0	0	0	0	0	499712	352	0	0	0	89088	7872	352	7872	0	3616	0	0	
trace_5_FC_devices_seqlen_2048.txt.log	0.075585	0.0669965	0.0085885	99.8293312165112	0	8448	0	0	0	0	0	768	0	0	0	0	0	499712	352	0	0	0	89088	7872	352	7872	0	3616	0	0	
trace_5_FC_devices_seqlen_3072.txt.log	0.075585	0.0669965	0.0085885	99.8293312165112	0	8448	0	0	0	0	0	768	0	0	0	0	0	499712	352	0	0	0	89088	7872	352	7872	0	3616	0	0	
trace_5_FC_devices_seqlen_4096.txt.log	0.075585	0.0669965	0.0085885	99.8293312165112	0	8448	0	0	0	0	0	768	0	0	0	0	0	499712	352	0	0	0	89088	7872	352	7872	0	3616	0	0	
