trace_16_FC_devices_seqlen_1024.txt.log	0.1444235	0.130707203125	0.013716296875	92.10007806901231	0	12384	929	11008	28224	0	0	1472	0	0	0	0	0	721152	224	25344	2816	2816	188416	13120	224	13120	128	18400	0	0	
trace_16_FC_devices_seqlen_14592.txt.log	0.349007	0.324799484375	0.024207515625	70.7069360356669	0	12439	6287	119552	245312	0	0	3552	0	0	0	0	0	741632	224	79616	2816	2816	454656	19008	224	19008	0	30496	0	0	
trace_16_FC_devices_seqlen_2048.txt.log	0.195869	0.17712078125	0.01874821875	90.48562112942834	0	16873	1473	19200	44608	0	0	1984	0	0	0	0	0	983296	224	29440	2816	2816	204800	17216	224	17216	128	26848	0	0	
trace_16_FC_devices_seqlen_2304.txt.log	0.131009	0.120179046875	0.010829953125	84.82747368501401	0	8473	1783	21248	48704	0	0	1312	0	0	0	0	0	495872	224	30464	2816	2816	208896	9792	224	9792	0	11616	0	0	
trace_16_FC_devices_seqlen_3072.txt.log	0.246616	0.222713703125	0.023902296875	89.76241150209232	0	21504	1832	27392	60992	0	0	2496	0	0	0	0	0	1245440	224	33536	2816	2816	221184	21312	224	21312	128	35168	0	0	
trace_16_FC_devices_seqlen_30976.txt.log	0.6381735	0.5959761875	0.0421973125	66.74438847742816	0	17390	12509	250624	507456	0	0	6528	0	0	0	0	0	1069312	224	145152	2816	2816	782336	31296	224	31296	0	56224	0	0	
trace_16_FC_devices_seqlen_4096.txt.log	0.2990185	0.27028890625	0.02872959375	89.22499778441802	0	26304	2113	35584	77376	0	0	3040	0	0	0	0	0	1507584	224	37632	2816	2816	237568	25408	224	25408	128	43040	0	0	
trace_16_FC_devices_seqlen_6400.txt.log	0.2037985	0.1881904375	0.0156080625	76.81573343277796	0	9920	3265	54016	114240	0	0	2080	0	0	0	0	0	577792	224	46848	2816	2816	290816	12864	224	12864	0	18400	0	0	
trace_1_FC_devices_seqlen_1024.txt.log	0.9663005	0.855675703125	0.110624796875	98.62684246515447	0	117760	961	11008	28224	0	0	9888	0	0	0	0	0	7012608	3584	25344	2816	2816	237568	116800	3584	116800	128	42848	0	0	
trace_1_FC_devices_seqlen_14592.txt.log	1.5639645	1.410719796875	0.153244703125	93.25775037572784	0	137074	6392	119552	245312	0	0	16000	0	0	0	0	0	8552704	3584	79616	2816	2816	1323008	236608	3584	236608	128	286496	0	0	
trace_1_FC_devices_seqlen_2048.txt.log	1.0412535	0.92434778125	0.11690571875	98.03712544543667	0	122697	1473	19200	44608	0	0	10656	0	0	0	0	0	7340288	3584	29440	2816	2816	319488	129088	3584	129088	128	67680	0	0	
trace_1_FC_devices_seqlen_2304.txt.log	0.9997765	0.887295328125	0.112481171875	97.84399156961581	0	117504	1677	21248	48704	0	0	10208	0	0	0	0	0	6979840	3584	30464	2816	2816	339968	126016	3584	126016	128	61536	0	0	
trace_1_FC_devices_seqlen_3072.txt.log	1.1160175	0.992077703125	0.123939796875	97.55557428534946	0	127680	1857	27392	60992	0	0	11424	0	0	0	0	0	7667968	3584	33536	2816	2816	401408	141376	3584	141376	128	92320	0	0	
trace_1_FC_devices_seqlen_30976.txt.log	2.3185265	2.1120385	0.206488	90.61227707554777	0	163750	12463	250624	507456	0	0	23712	0	0	0	0	0	10649856	3584	145152	2816	2816	2633728	384064	3584	384064	128	585696	0	0	
trace_1_FC_devices_seqlen_4096.txt.log	1.1904015	1.060252859375	0.130148640625	97.1352023875978	0	132946	2050	35584	77376	0	0	12160	0	0	0	0	0	7995648	3584	37632	2816	2816	483328	153664	3584	153664	128	117408	0	0	
trace_1_FC_devices_seqlen_6400.txt.log	1.1881755	1.062302	0.1258735	95.80403158035156	0	123954	3376	54016	114240	0	0	12160	0	0	0	0	0	7504128	3584	46848	2816	2816	667648	162880	3584	162880	128	136416	0	0	
trace_2_FC_devices_seqlen_1024.txt.log	0.5235305	0.46480296875	0.05872753125	97.61529832072821	0	60960	906	11008	28224	0	0	5344	0	0	0	0	0	3637504	1792	25344	2816	2816	204800	60480	1792	60480	128	27934	0	0	
trace_2_FC_devices_seqlen_14592.txt.log	0.9050185	0.821569265625	0.083449234375	88.50934746085301	0	70086	6321	119552	245312	0	0	9248	0	0	0	0	0	4284672	1792	79616	2816	2816	864256	119360	1792	119360	64	147744	0	0	
trace_2_FC_devices_seqlen_2048.txt.log	0.5869535	0.52248434375	0.06446915625	96.71740127199173	0	66045	1418	19200	44608	0	0	5984	0	0	0	0	0	3932416	1792	29440	2816	2816	253952	68672	1792	68672	128	44568	0	0	
trace_2_FC_devices_seqlen_2304.txt.log	0.5338285	0.475240140625	0.058588359375	96.15767575635246	0	59005	1802	21248	48704	0	0	5440	0	0	0	0	0	3498240	1792	30464	2816	2816	274432	64064	1792	64064	64	35546	0	0	
trace_2_FC_devices_seqlen_3072.txt.log	0.6494535	0.57916134375	0.07029215625	95.97044620977483	0	70717	1802	27392	60992	0	0	6624	0	0	0	0	0	4227328	1792	33536	2816	2816	303104	76864	1792	76864	128	61144	0	0	
trace_2_FC_devices_seqlen_30976.txt.log	1.3958655	1.27846334375	0.11740215625	84.6159526562552	0	84196	12483	250624	507456	0	0	14272	0	0	0	0	0	5333248	1792	145152	2816	2816	1650688	193088	1792	193088	64	299552	0	0	
trace_2_FC_devices_seqlen_4096.txt.log	0.7131315	0.637114109375	0.076017390625	95.30824390382419	0	75678	2186	35584	77376	0	0	7296	0	0	0	0	0	4522240	1792	37632	2816	2816	352256	85056	1792	85056	128	77726	0	0	
trace_2_FC_devices_seqlen_6400.txt.log	0.6573925	0.590619796875	0.066772703125	92.64004190799255	0	62559	3338	54016	114240	0	0	6720	0	0	0	0	0	3760384	1792	46848	2816	2816	471040	82496	1792	82496	64	72992	0	0	
trace_32_FC_devices_seqlen_1024.txt.log	0.120652	0.109907703125	0.010744296875	90.49458877598383	0	9216	961	11008	28224	0	0	1216	0	0	0	0	0	532736	128	25344	2816	2816	188416	10176	128	10176	128	18080	0	0	
trace_32_FC_devices_seqlen_14592.txt.log	0.311752	0.290869609375	0.020882390625	67.25036547480047	0	8586	6332	119552	245312	0	0	3168	0	0	0	0	0	520448	128	79616	2816	2816	421888	11968	128	11968	0	22304	0	0	
trace_32_FC_devices_seqlen_2048.txt.log	0.172301	0.156378171875	0.015922828125	89.45867261362383	0	14048	1345	19200	44608	0	0	1760	0	0	0	0	0	794880	128	29440	2816	2816	204800	14272	128	14272	128	26400	0	0	
trace_32_FC_devices_seqlen_2304.txt.log	0.1071155	0.098883203125	0.008232296875	81.56112735785204	0	5432	1857	21248	48704	0	0	1088	0	0	0	0	0	307456	128	30464	2816	2816	208896	6848	128	6848	0	11502	0	0	
trace_32_FC_devices_seqlen_3072.txt.log	0.223745	0.202877484375	0.020867515625	88.74739519318868	0	18615	1857	27392	60992	0	0	2272	0	0	0	0	0	1057024	128	33536	2816	2816	221184	18368	128	18368	128	34464	0	0	
trace_32_FC_devices_seqlen_30976.txt.log	0.589402	0.551546125	0.037855875	63.99784230457311	0	12923	12576	250624	507456	0	0	6016	0	0	0	0	0	815360	128	145152	2816	2816	716800	20160	128	20160	0	39392	0	0	
trace_32_FC_devices_seqlen_4096.txt.log	0.275426	0.249292203125	0.026133796875	88.30523557144205	0	23328	2113	35584	77376	0	0	2816	0	0	0	0	0	1319168	128	37632	2816	2816	237568	22464	128	22464	128	42912	0	0	
trace_32_FC_devices_seqlen_6400.txt.log	0.1737655	0.161731515625	0.012033984375	72.7567738561452	0	6368	3386	54016	114240	0	0	1760	0	0	0	0	0	372992	128	46848	2816	2816	274432	7872	128	7872	0	13472	0	0	
trace_4_FC_devices_seqlen_1024.txt.log	0.3028775	0.270446703125	0.032430796875	96.11813460062237	0	33056	1025	11008	28224	0	0	3072	0	0	0	0	0	1949952	896	25344	2816	2816	188416	32320	896	32320	128	20448	0	0	
trace_4_FC_devices_seqlen_14592.txt.log	0.5740065	0.524791109375	0.049215390625	82.00198408031964	0	36197	6460	119552	245312	0	0	5856	0	0	0	0	0	2150656	896	79616	2816	2816	634880	60736	896	60736	0	79520	0	0	
trace_4_FC_devices_seqlen_2048.txt.log	0.3600325	0.321986703125	0.038045796875	94.86190048815038	0	37952	1281	19200	44608	0	0	3680	0	0	0	0	0	2228480	896	29440	2816	2816	221184	38464	896	38464	128	32864	0	0	
trace_4_FC_devices_seqlen_2304.txt.log	0.3013705	0.270415359375	0.030955140625	93.29254294132969	0	29728	1857	21248	48704	0	0	3072	0	0	0	0	0	1757440	896	30464	2816	2816	241664	33088	896	33088	0	22432	0	0	
trace_4_FC_devices_seqlen_3072.txt.log	0.4169955	0.373794203125	0.043201296875	93.85111769791281	0	42240	1857	27392	60992	0	0	4256	0	0	0	0	0	2507008	896	33536	2816	2816	253952	44608	896	44608	128	45472	0	0	
trace_4_FC_devices_seqlen_30976.txt.log	0.9381575	0.865335609375	0.072821890625	77.25711034661025	0	44823	12445	250624	507456	0	0	9600	0	0	0	0	0	2674944	896	145152	2816	2816	1159168	97600	896	97600	0	155552	0	0	
trace_4_FC_devices_seqlen_4096.txt.log	0.4747525	0.426136203125	0.048616296875	93.16080813160542	0	47328	2241	35584	77376	0	0	4832	0	0	0	0	0	2785536	896	37632	2816	2816	286720	50752	896	50752	128	57632	0	0	
trace_4_FC_devices_seqlen_6400.txt.log	0.3927565	0.355587953125	0.037168546875	87.80244566289801	0	32217	3393	54016	114240	0	0	4000	0	0	0	0	0	1888512	896	46848	2816	2816	372736	42304	896	42304	0	41170	0	0	
trace_8_FC_devices_seqlen_1024.txt.log	0.1964855	0.176481203125	0.020004296875	94.13026820045245	0	19104	897	11008	28224	0	0	1984	0	0	0	0	0	1130752	448	25344	2816	2816	188416	19520	448	19520	128	19168	0	0	
trace_8_FC_devices_seqlen_14592.txt.log	0.42561	0.39237240625	0.03323759375	75.91834734263763	0	20455	6465	119552	245312	0	0	4352	0	0	0	0	0	1216768	448	79616	2816	2816	520192	33600	448	33600	0	48480	0	0	
trace_8_FC_devices_seqlen_2048.txt.log	0.248436	0.2229709375	0.0254650625	92.54555876563784	0	23899	1473	19200	44608	0	0	2528	0	0	0	0	0	1392896	448	29440	2816	2816	204800	23616	448	23616	128	27488	0	0	
trace_8_FC_devices_seqlen_2304.txt.log	0.189344	0.1712793125	0.0180646875	89.52789796613571	0	15744	1857	21248	48704	0	0	1920	0	0	0	0	0	921856	448	30464	2816	2816	225280	18240	448	18240	0	16864	0	0	
trace_8_FC_devices_seqlen_3072.txt.log	0.304969	0.274207484375	0.030761515625	91.73632709390135	0	28416	1857	27392	60992	0	0	3104	0	0	0	0	0	1671424	448	33536	2816	2816	237568	29760	448	29760	128	40160	0	0	
trace_8_FC_devices_seqlen_30976.txt.log	0.740931	0.68759109375	0.05333990625	71.28799780276435	0	26796	12574	250624	507456	0	0	7584	0	0	0	0	0	1609984	448	145152	2816	2816	913408	54080	448	54080	0	90080	0	0	
trace_8_FC_devices_seqlen_4096.txt.log	0.35686	0.321020140625	0.035839859375	90.93945717508267	0	33076	2201	35584	77376	0	0	3648	0	0	0	0	0	1933568	448	37632	2816	2816	253952	33856	448	33856	128	48544	0	0	
trace_8_FC_devices_seqlen_6400.txt.log	0.267644	0.24445209375	0.02319190625	82.31979210256908	0	17126	3265	54016	114240	0	0	2720	0	0	0	0	0	1020160	448	46848	2816	2816	323584	23360	448	23360	0	27552	0	0	
