trace_16_FC_devices_seqlen_1024.txt.log	0.021444	0.0193635	0.0020805	99.69921656407386	0	3968	0	0	0	0	0	0	0	0	4000	0	0	253952	128	0	0	0	155648	3968	128	3968	0	5088	0	0	
trace_16_FC_devices_seqlen_14592.txt.log	0.021444	0.0193635	0.0020805	99.69921656407386	0	3968	0	0	0	0	0	0	0	0	4000	0	0	253952	128	0	0	0	155648	3968	128	3968	0	5088	0	0	
trace_16_FC_devices_seqlen_2048.txt.log	0.021444	0.0193635	0.0020805	99.69921656407386	0	3968	0	0	0	0	0	0	0	0	4000	0	0	253952	128	0	0	0	155648	3968	128	3968	0	5088	0	0	
trace_16_FC_devices_seqlen_2304.txt.log	0.021444	0.0193635	0.0020805	99.69921656407386	0	3968	0	0	0	0	0	0	0	0	4000	0	0	253952	128	0	0	0	155648	3968	128	3968	0	5088	0	0	
trace_16_FC_devices_seqlen_3072.txt.log	0.021444	0.0193635	0.0020805	99.69921656407386	0	3968	0	0	0	0	0	0	0	0	4000	0	0	253952	128	0	0	0	155648	3968	128	3968	0	5088	0	0	
trace_16_FC_devices_seqlen_30976.txt.log	0.021444	0.0193635	0.0020805	99.69921656407386	0	3968	0	0	0	0	0	0	0	0	4000	0	0	253952	128	0	0	0	155648	3968	128	3968	0	5088	0	0	
trace_16_FC_devices_seqlen_4096.txt.log	0.021444	0.0193635	0.0020805	99.69921656407386	0	3968	0	0	0	0	0	0	0	0	4000	0	0	253952	128	0	0	0	155648	3968	128	3968	0	5088	0	0	
trace_16_FC_devices_seqlen_6400.txt.log	0.021444	0.0193635	0.0020805	99.69921656407386	0	3968	0	0	0	0	0	0	0	0	4000	0	0	253952	128	0	0	0	155648	3968	128	3968	0	5088	0	0	
trace_1_FC_devices_seqlen_1024.txt.log	0.198362	0.1720905	0.0262715	99.57426321573689	0	52320	0	0	0	0	0	0	0	0	52352	0	0	3342336	1792	0	0	0	155648	52224	1792	52224	0	10272	0	0	
trace_1_FC_devices_seqlen_14592.txt.log	0.198362	0.1720905	0.0262715	99.57426321573689	0	52320	0	0	0	0	0	0	0	0	52352	0	0	3342336	1792	0	0	0	155648	52224	1792	52224	0	10272	0	0	
trace_1_FC_devices_seqlen_2048.txt.log	0.198362	0.1720905	0.0262715	99.57426321573689	0	52320	0	0	0	0	0	0	0	0	52352	0	0	3342336	1792	0	0	0	155648	52224	1792	52224	0	10272	0	0	
trace_1_FC_devices_seqlen_2304.txt.log	0.198362	0.1720905	0.0262715	99.57426321573689	0	52320	0	0	0	0	0	0	0	0	52352	0	0	3342336	1792	0	0	0	155648	52224	1792	52224	0	10272	0	0	
trace_1_FC_devices_seqlen_3072.txt.log	0.198362	0.1720905	0.0262715	99.57426321573689	0	52320	0	0	0	0	0	0	0	0	52352	0	0	3342336	1792	0	0	0	155648	52224	1792	52224	0	10272	0	0	
trace_1_FC_devices_seqlen_30976.txt.log	0.198362	0.1720905	0.0262715	99.57426321573689	0	52320	0	0	0	0	0	0	0	0	52352	0	0	3342336	1792	0	0	0	155648	52224	1792	52224	0	10272	0	0	
trace_1_FC_devices_seqlen_4096.txt.log	0.198362	0.1720905	0.0262715	99.57426321573689	0	52320	0	0	0	0	0	0	0	0	52352	0	0	3342336	1792	0	0	0	155648	52224	1792	52224	0	10272	0	0	
trace_1_FC_devices_seqlen_6400.txt.log	0.198362	0.1720905	0.0262715	99.57426321573689	0	52320	0	0	0	0	0	0	0	0	52352	0	0	3342336	1792	0	0	0	155648	52224	1792	52224	0	10272	0	0	
trace_2_FC_devices_seqlen_1024.txt.log	0.102438	0.0892625	0.0131755	99.58755539936352	0	26144	0	0	0	0	0	0	0	0	26176	0	0	1671168	896	0	0	0	155648	26112	896	26112	0	7072	0	0	
trace_2_FC_devices_seqlen_14592.txt.log	0.102438	0.0892625	0.0131755	99.58755539936352	0	26144	0	0	0	0	0	0	0	0	26176	0	0	1671168	896	0	0	0	155648	26112	896	26112	0	7072	0	0	
trace_2_FC_devices_seqlen_2048.txt.log	0.102438	0.0892625	0.0131755	99.58755539936352	0	26144	0	0	0	0	0	0	0	0	26176	0	0	1671168	896	0	0	0	155648	26112	896	26112	0	7072	0	0	
trace_2_FC_devices_seqlen_2304.txt.log	0.102438	0.0892625	0.0131755	99.58755539936352	0	26144	0	0	0	0	0	0	0	0	26176	0	0	1671168	896	0	0	0	155648	26112	896	26112	0	7072	0	0	
trace_2_FC_devices_seqlen_3072.txt.log	0.102438	0.0892625	0.0131755	99.58755539936352	0	26144	0	0	0	0	0	0	0	0	26176	0	0	1671168	896	0	0	0	155648	26112	896	26112	0	7072	0	0	
trace_2_FC_devices_seqlen_30976.txt.log	0.102438	0.0892625	0.0131755	99.58755539936352	0	26144	0	0	0	0	0	0	0	0	26176	0	0	1671168	896	0	0	0	155648	26112	896	26112	0	7072	0	0	
trace_2_FC_devices_seqlen_4096.txt.log	0.102438	0.0892625	0.0131755	99.58755539936352	0	26144	0	0	0	0	0	0	0	0	26176	0	0	1671168	896	0	0	0	155648	26112	896	26112	0	7072	0	0	
trace_2_FC_devices_seqlen_6400.txt.log	0.102438	0.0892625	0.0131755	99.58755539936352	0	26144	0	0	0	0	0	0	0	0	26176	0	0	1671168	896	0	0	0	155648	26112	896	26112	0	7072	0	0	
trace_32_FC_devices_seqlen_1024.txt.log	0.01768	0.0161115	0.0015685	99.73133484162896	0	2944	0	0	0	0	0	0	0	0	2976	0	0	188416	64	0	0	0	155648	2944	64	2944	0	4960	0	0	
trace_32_FC_devices_seqlen_14592.txt.log	0.01768	0.0161115	0.0015685	99.73133484162896	0	2944	0	0	0	0	0	0	0	0	2976	0	0	188416	64	0	0	0	155648	2944	64	2944	0	4960	0	0	
trace_32_FC_devices_seqlen_2048.txt.log	0.01768	0.0161115	0.0015685	99.73133484162896	0	2944	0	0	0	0	0	0	0	0	2976	0	0	188416	64	0	0	0	155648	2944	64	2944	0	4960	0	0	
trace_32_FC_devices_seqlen_2304.txt.log	0.01768	0.0161115	0.0015685	99.73133484162896	0	2944	0	0	0	0	0	0	0	0	2976	0	0	188416	64	0	0	0	155648	2944	64	2944	0	4960	0	0	
trace_32_FC_devices_seqlen_3072.txt.log	0.01768	0.0161115	0.0015685	99.73133484162896	0	2944	0	0	0	0	0	0	0	0	2976	0	0	188416	64	0	0	0	155648	2944	64	2944	0	4960	0	0	
trace_32_FC_devices_seqlen_30976.txt.log	0.01768	0.0161115	0.0015685	99.73133484162896	0	2944	0	0	0	0	0	0	0	0	2976	0	0	188416	64	0	0	0	155648	2944	64	2944	0	4960	0	0	
trace_32_FC_devices_seqlen_4096.txt.log	0.01768	0.0161115	0.0015685	99.73133484162896	0	2944	0	0	0	0	0	0	0	0	2976	0	0	188416	64	0	0	0	155648	2944	64	2944	0	4960	0	0	
trace_32_FC_devices_seqlen_6400.txt.log	0.01768	0.0161115	0.0015685	99.73133484162896	0	2944	0	0	0	0	0	0	0	0	2976	0	0	188416	64	0	0	0	155648	2944	64	2944	0	4960	0	0	
trace_4_FC_devices_seqlen_1024.txt.log	0.05551	0.0487545	0.0067555	99.611781660962	0	13312	0	0	0	0	0	0	0	0	13344	0	0	851968	448	0	0	0	155648	13312	448	13312	0	5728	0	0	
trace_4_FC_devices_seqlen_14592.txt.log	0.05551	0.0487545	0.0067555	99.611781660962	0	13312	0	0	0	0	0	0	0	0	13344	0	0	851968	448	0	0	0	155648	13312	448	13312	0	5728	0	0	
trace_4_FC_devices_seqlen_2048.txt.log	0.05551	0.0487545	0.0067555	99.611781660962	0	13312	0	0	0	0	0	0	0	0	13344	0	0	851968	448	0	0	0	155648	13312	448	13312	0	5728	0	0	
trace_4_FC_devices_seqlen_2304.txt.log	0.05551	0.0487545	0.0067555	99.611781660962	0	13312	0	0	0	0	0	0	0	0	13344	0	0	851968	448	0	0	0	155648	13312	448	13312	0	5728	0	0	
trace_4_FC_devices_seqlen_3072.txt.log	0.05551	0.0487545	0.0067555	99.611781660962	0	13312	0	0	0	0	0	0	0	0	13344	0	0	851968	448	0	0	0	155648	13312	448	13312	0	5728	0	0	
trace_4_FC_devices_seqlen_30976.txt.log	0.05551	0.0487545	0.0067555	99.611781660962	0	13312	0	0	0	0	0	0	0	0	13344	0	0	851968	448	0	0	0	155648	13312	448	13312	0	5728	0	0	
trace_4_FC_devices_seqlen_4096.txt.log	0.05551	0.0487545	0.0067555	99.611781660962	0	13312	0	0	0	0	0	0	0	0	13344	0	0	851968	448	0	0	0	155648	13312	448	13312	0	5728	0	0	
trace_4_FC_devices_seqlen_6400.txt.log	0.05551	0.0487545	0.0067555	99.611781660962	0	13312	0	0	0	0	0	0	0	0	13344	0	0	851968	448	0	0	0	155648	13312	448	13312	0	5728	0	0	
trace_8_FC_devices_seqlen_1024.txt.log	0.032172	0.0286185	0.0035535	99.65187119234116	0	6912	0	0	0	0	0	0	0	0	6944	0	0	442368	224	0	0	0	155648	6912	224	6912	0	5280	0	0	
trace_8_FC_devices_seqlen_14592.txt.log	0.032172	0.0286185	0.0035535	99.65187119234116	0	6912	0	0	0	0	0	0	0	0	6944	0	0	442368	224	0	0	0	155648	6912	224	6912	0	5280	0	0	
trace_8_FC_devices_seqlen_2048.txt.log	0.032172	0.0286185	0.0035535	99.65187119234116	0	6912	0	0	0	0	0	0	0	0	6944	0	0	442368	224	0	0	0	155648	6912	224	6912	0	5280	0	0	
trace_8_FC_devices_seqlen_2304.txt.log	0.032172	0.0286185	0.0035535	99.65187119234116	0	6912	0	0	0	0	0	0	0	0	6944	0	0	442368	224	0	0	0	155648	6912	224	6912	0	5280	0	0	
trace_8_FC_devices_seqlen_3072.txt.log	0.032172	0.0286185	0.0035535	99.65187119234116	0	6912	0	0	0	0	0	0	0	0	6944	0	0	442368	224	0	0	0	155648	6912	224	6912	0	5280	0	0	
trace_8_FC_devices_seqlen_30976.txt.log	0.032172	0.0286185	0.0035535	99.65187119234116	0	6912	0	0	0	0	0	0	0	0	6944	0	0	442368	224	0	0	0	155648	6912	224	6912	0	5280	0	0	
trace_8_FC_devices_seqlen_4096.txt.log	0.032172	0.0286185	0.0035535	99.65187119234116	0	6912	0	0	0	0	0	0	0	0	6944	0	0	442368	224	0	0	0	155648	6912	224	6912	0	5280	0	0	
trace_8_FC_devices_seqlen_6400.txt.log	0.032172	0.0286185	0.0035535	99.65187119234116	0	6912	0	0	0	0	0	0	0	0	6944	0	0	442368	224	0	0	0	155648	6912	224	6912	0	5280	0	0	
