trace_10_FC_devices_seqlen_1024.txt.log	0.0761105	0.06694359375	0.00916690625	88.68497529907174	0	6068	941	6656	18624	0	0	768	0	0	0	0	0	336064	192	26112	1536	1536	103424	6464	192	6464	640	8468	0	0	
trace_10_FC_devices_seqlen_2048.txt.log	0.0932005	0.0801351875	0.0130653125	86.2399142171984	0	7192	1197	11776	28864	0	0	928	0	0	0	0	0	401600	192	30208	1536	1536	107520	7488	192	7488	640	10720	0	0	
trace_10_FC_devices_seqlen_3072.txt.log	0.1150755	0.0974194375	0.0176560625	84.82627981194955	0	8672	1437	16896	39104	0	0	1152	0	0	0	0	0	477376	192	34304	1536	1536	121856	9792	192	9792	640	15264	0	0	
trace_10_FC_devices_seqlen_4096.txt.log	0.13381	0.11171534375	0.02209465625	83.48279510126298	0	10056	1735	22016	49344	0	0	1344	0	0	0	0	0	542912	192	38400	1536	1536	125952	10816	192	10816	640	17120	0	0	
trace_1_FC_devices_seqlen_1024.txt.log	0.3735175	0.330569046875	0.042948453125	97.52145983789246	0	44097	917	6656	18624	0	0	3808	0	0	0	0	0	2584768	1728	26112	1536	1536	134144	45248	1728	45248	640	20832	0	0	
trace_1_FC_devices_seqlen_2048.txt.log	0.4062285	0.356809546875	0.049418953125	96.5921234908432	0	45861	1281	11776	28864	0	0	4128	0	0	0	0	0	2691264	1728	30208	1536	1536	179200	51392	1728	51392	640	33312	0	0	
trace_1_FC_devices_seqlen_3072.txt.log	0.4406035	0.385677296875	0.054926203125	95.816487357681	0	48205	1501	16896	39104	0	0	4480	0	0	0	0	0	2797760	1728	34304	1536	1536	224256	57536	1728	57536	640	45600	0	0	
trace_1_FC_devices_seqlen_4096.txt.log	0.4735175	0.41315840625	0.06035909375	95.17617815075472	0	50089	1677	22016	49344	0	0	4832	0	0	0	0	0	2904256	1728	38400	1536	1536	269312	63680	1728	63680	640	58272	0	0	
trace_20_FC_devices_seqlen_1024.txt.log	0.058897	0.050970859375	0.007926140625	85.78185221658148	0	3893	876	6656	18624	0	0	576	0	0	0	0	0	206016	96	26112	1536	1536	103424	4416	96	4416	640	8224	0	0	
trace_20_FC_devices_seqlen_2048.txt.log	0.076688	0.06533621875	0.01135178125	83.1351547830169	0	5041	1260	11776	28864	0	0	768	0	0	0	0	0	271552	96	30208	1536	1536	107520	5440	96	5440	640	10632	0	0	
trace_20_FC_devices_seqlen_3072.txt.log	0.094467	0.078693109375	0.015773890625	81.50706728275483	0	6241	1500	16896	39104	0	0	960	0	0	0	0	0	337088	96	34304	1536	1536	111616	6464	96	6464	640	12768	0	0	
trace_20_FC_devices_seqlen_4096.txt.log	0.1120245	0.091780296875	0.020244203125	80.56821554659918	0	7529	1676	22016	49344	0	0	1120	0	0	0	0	0	402624	96	38400	1536	1536	115712	7488	96	7488	640	14624	0	0	
trace_2_FC_devices_seqlen_1024.txt.log	0.2054365	0.1825061875	0.0229303125	95.76452912457134	0	22592	981	6656	18624	0	0	2080	0	0	0	0	0	1325248	864	26112	1536	1536	113664	23168	864	23168	640	12832	0	0	
trace_2_FC_devices_seqlen_2048.txt.log	0.231144	0.202739015625	0.028404984375	94.2633907326169	0	24341	1197	11776	28864	0	0	2336	0	0	0	0	0	1411264	864	30208	1536	1536	138240	26752	864	26752	640	20128	0	0	
trace_2_FC_devices_seqlen_3072.txt.log	0.2572915	0.223097359375	0.034194140625	93.01040842779493	0	26048	1501	16896	39104	0	0	2624	0	0	0	0	0	1497280	864	34304	1536	1536	162816	30336	864	30336	640	27336	0	0	
trace_2_FC_devices_seqlen_4096.txt.log	0.282739	0.244219140625	0.038519859375	92.09921186146941	0	27797	1741	22016	49344	0	0	2880	0	0	0	0	0	1583296	864	38400	1536	1536	187392	33920	864	33920	640	34656	0	0	
trace_4_FC_devices_seqlen_1024.txt.log	0.12353	0.107637375	0.015892625	93.0156515623735	0	12341	813	6656	18624	0	0	1248	0	0	0	0	0	705728	448	26112	1536	1536	103424	12288	448	12288	640	9000	0	0	
trace_4_FC_devices_seqlen_2048.txt.log	0.145078	0.125129125	0.019948875	91.10484963261142	0	13721	1197	11776	28864	0	0	1472	0	0	0	0	0	781504	448	30208	1536	1536	117760	14592	448	14592	640	13472	0	0	
trace_4_FC_devices_seqlen_3072.txt.log	0.1669495	0.14232909375	0.02462040625	89.52875719903324	0	15233	1437	16896	39104	0	0	1696	0	0	0	0	0	857280	448	34304	1536	1536	132096	16896	448	16896	640	18144	0	0	
trace_4_FC_devices_seqlen_4096.txt.log	0.189209	0.159780859375	0.029428140625	88.144351946789	0	16661	1613	22016	49344	0	0	1920	0	0	0	0	0	933056	448	38400	1536	1536	146432	19200	448	19200	640	23004	0	0	
trace_5_FC_devices_seqlen_1024.txt.log	0.1065425	0.094154296875	0.012388203125	91.78479245371565	0	9973	981	6656	18624	0	0	1088	0	0	0	0	0	575680	352	26112	1536	1536	103424	10240	352	10240	640	8928	0	0	
trace_5_FC_devices_seqlen_2048.txt.log	0.1284175	0.1115418125	0.0168756875	89.66111511281562	0	11414	1261	11776	28864	0	0	1312	0	0	0	0	0	651456	352	30208	1536	1536	117760	12544	352	12544	640	13664	0	0	
trace_5_FC_devices_seqlen_3072.txt.log	0.1503125	0.127992859375	0.022319640625	88.20219334719334	0	12993	1498	16896	39104	0	0	1536	0	0	0	0	0	727232	352	34304	1536	1536	132096	14848	352	14848	640	18080	0	0	
trace_5_FC_devices_seqlen_4096.txt.log	0.1721875	0.145204546875	0.026982953125	87.04234119782214	0	14409	1674	22016	49344	0	0	1760	0	0	0	0	0	803008	352	38400	1536	1536	146432	17152	352	17152	640	22880	0	0	
