trace_1_FC_devices_seqlen_1024.txt.log	0.212388	0.1871065	0.0252815	99.80695707855435	0	26400	0	0	0	0	0	2144	0	0	0	0	0	1581056	1376	0	0	0	71168	24832	1376	24832	0	6048	0	0	
trace_1_FC_devices_seqlen_2048.txt.log	0.212388	0.1871065	0.0252815	99.80695707855435	0	26400	0	0	0	0	0	2144	0	0	0	0	0	1581056	1376	0	0	0	71168	24832	1376	24832	0	6048	0	0	
trace_1_FC_devices_seqlen_3072.txt.log	0.212388	0.1871065	0.0252815	99.80695707855435	0	26400	0	0	0	0	0	2144	0	0	0	0	0	1581056	1376	0	0	0	71168	24832	1376	24832	0	6048	0	0	
trace_1_FC_devices_seqlen_4096.txt.log	0.212388	0.1871065	0.0252815	99.80695707855435	0	26400	0	0	0	0	0	2144	0	0	0	0	0	1581056	1376	0	0	0	71168	24832	1376	24832	0	6048	0	0	
trace_2_FC_devices_seqlen_1024.txt.log	0.111812	0.099052	0.01276	99.81442063463672	0	13344	0	0	0	0	0	1120	0	0	0	0	0	798720	704	0	0	0	71168	12544	704	12544	0	4192	0	0	
trace_2_FC_devices_seqlen_2048.txt.log	0.111812	0.099052	0.01276	99.81442063463672	0	13344	0	0	0	0	0	1120	0	0	0	0	0	798720	704	0	0	0	71168	12544	704	12544	0	4192	0	0	
trace_2_FC_devices_seqlen_3072.txt.log	0.111812	0.099052	0.01276	99.81442063463672	0	13344	0	0	0	0	0	1120	0	0	0	0	0	798720	704	0	0	0	71168	12544	704	12544	0	4192	0	0	
trace_2_FC_devices_seqlen_4096.txt.log	0.111812	0.099052	0.01276	99.81442063463672	0	13344	0	0	0	0	0	1120	0	0	0	0	0	798720	704	0	0	0	71168	12544	704	12544	0	4192	0	0	
trace_4_FC_devices_seqlen_1024.txt.log	0.060409	0.0535575	0.0068515	99.8278402224834	0	6752	0	0	0	0	0	608	0	0	0	0	0	399360	352	0	0	0	71168	6272	352	6272	0	3040	0	0	
trace_4_FC_devices_seqlen_2048.txt.log	0.060409	0.0535575	0.0068515	99.8278402224834	0	6752	0	0	0	0	0	608	0	0	0	0	0	399360	352	0	0	0	71168	6272	352	6272	0	3040	0	0	
trace_4_FC_devices_seqlen_3072.txt.log	0.060409	0.0535575	0.0068515	99.8278402224834	0	6752	0	0	0	0	0	608	0	0	0	0	0	399360	352	0	0	0	71168	6272	352	6272	0	3040	0	0	
trace_4_FC_devices_seqlen_4096.txt.log	0.060409	0.0535575	0.0068515	99.8278402224834	0	6752	0	0	0	0	0	608	0	0	0	0	0	399360	352	0	0	0	71168	6272	352	6272	0	3040	0	0	
trace_8_FC_devices_seqlen_1024.txt.log	0.035603	0.0318725	0.0037305	99.84692301210572	0	3360	0	0	0	0	0	352	0	0	0	0	0	207872	192	0	0	0	71168	3264	192	3264	0	2784	0	0	
trace_8_FC_devices_seqlen_2048.txt.log	0.035603	0.0318725	0.0037305	99.84692301210572	0	3360	0	0	0	0	0	352	0	0	0	0	0	207872	192	0	0	0	71168	3264	192	3264	0	2784	0	0	
trace_8_FC_devices_seqlen_3072.txt.log	0.035603	0.0318725	0.0037305	99.84692301210572	0	3360	0	0	0	0	0	352	0	0	0	0	0	207872	192	0	0	0	71168	3264	192	3264	0	2784	0	0	
trace_8_FC_devices_seqlen_4096.txt.log	0.035603	0.0318725	0.0037305	99.84692301210572	0	3360	0	0	0	0	0	352	0	0	0	0	0	207872	192	0	0	0	71168	3264	192	3264	0	2784	0	0	
