trace_16_FC_devices_seqlen_1024.txt.log	0.075639	0.067694	0.007945	99.85192823807824	0	7104	0	0	0	0	0	768	0	0	0	0	0	442368	224	0	0	0	155648	6912	224	6912	0	5728	0	0	
trace_16_FC_devices_seqlen_14592.txt.log	0.075639	0.067694	0.007945	99.85192823807824	0	7104	0	0	0	0	0	768	0	0	0	0	0	442368	224	0	0	0	155648	6912	224	6912	0	5728	0	0	
trace_16_FC_devices_seqlen_2048.txt.log	0.075639	0.067694	0.007945	99.85192823807824	0	7104	0	0	0	0	0	768	0	0	0	0	0	442368	224	0	0	0	155648	6912	224	6912	0	5728	0	0	
trace_16_FC_devices_seqlen_2304.txt.log	0.075639	0.067694	0.007945	99.85192823807824	0	7104	0	0	0	0	0	768	0	0	0	0	0	442368	224	0	0	0	155648	6912	224	6912	0	5728	0	0	
trace_16_FC_devices_seqlen_3072.txt.log	0.075639	0.067694	0.007945	99.85192823807824	0	7104	0	0	0	0	0	768	0	0	0	0	0	442368	224	0	0	0	155648	6912	224	6912	0	5728	0	0	
trace_16_FC_devices_seqlen_30976.txt.log	0.075639	0.067694	0.007945	99.85192823807824	0	7104	0	0	0	0	0	768	0	0	0	0	0	442368	224	0	0	0	155648	6912	224	6912	0	5728	0	0	
trace_16_FC_devices_seqlen_4096.txt.log	0.075639	0.067694	0.007945	99.85192823807824	0	7104	0	0	0	0	0	768	0	0	0	0	0	442368	224	0	0	0	155648	6912	224	6912	0	5728	0	0	
trace_16_FC_devices_seqlen_6400.txt.log	0.075639	0.067694	0.007945	99.85192823807824	0	7104	0	0	0	0	0	768	0	0	0	0	0	442368	224	0	0	0	155648	6912	224	6912	0	5728	0	0	
trace_1_FC_devices_seqlen_1024.txt.log	0.880249	0.775947	0.104302	99.80823607865501	0	112544	0	0	0	0	0	8992	0	0	0	0	0	6684672	3584	0	0	0	155648	104448	3584	104448	0	17312	0	0	
trace_1_FC_devices_seqlen_14592.txt.log	0.880249	0.775947	0.104302	99.80823607865501	0	112544	0	0	0	0	0	8992	0	0	0	0	0	6684672	3584	0	0	0	155648	104448	3584	104448	0	17312	0	0	
trace_1_FC_devices_seqlen_2048.txt.log	0.880249	0.775947	0.104302	99.80823607865501	0	112544	0	0	0	0	0	8992	0	0	0	0	0	6684672	3584	0	0	0	155648	104448	3584	104448	0	17312	0	0	
trace_1_FC_devices_seqlen_2304.txt.log	0.880249	0.775947	0.104302	99.80823607865501	0	112544	0	0	0	0	0	8992	0	0	0	0	0	6684672	3584	0	0	0	155648	104448	3584	104448	0	17312	0	0	
trace_1_FC_devices_seqlen_3072.txt.log	0.880249	0.775947	0.104302	99.80823607865501	0	112544	0	0	0	0	0	8992	0	0	0	0	0	6684672	3584	0	0	0	155648	104448	3584	104448	0	17312	0	0	
trace_1_FC_devices_seqlen_30976.txt.log	0.880249	0.775947	0.104302	99.80823607865501	0	112544	0	0	0	0	0	8992	0	0	0	0	0	6684672	3584	0	0	0	155648	104448	3584	104448	0	17312	0	0	
trace_1_FC_devices_seqlen_4096.txt.log	0.880249	0.775947	0.104302	99.80823607865501	0	112544	0	0	0	0	0	8992	0	0	0	0	0	6684672	3584	0	0	0	155648	104448	3584	104448	0	17312	0	0	
trace_1_FC_devices_seqlen_6400.txt.log	0.880249	0.775947	0.104302	99.80823607865501	0	112544	0	0	0	0	0	8992	0	0	0	0	0	6684672	3584	0	0	0	155648	104448	3584	104448	0	17312	0	0	
trace_2_FC_devices_seqlen_1024.txt.log	0.449789	0.397762	0.052027	99.81224529723937	0	56000	0	0	0	0	0	4576	0	0	0	0	0	3342336	1792	0	0	0	155648	52224	1792	52224	0	10656	0	0	
trace_2_FC_devices_seqlen_14592.txt.log	0.449789	0.397762	0.052027	99.81224529723937	0	56000	0	0	0	0	0	4576	0	0	0	0	0	3342336	1792	0	0	0	155648	52224	1792	52224	0	10656	0	0	
trace_2_FC_devices_seqlen_2048.txt.log	0.449789	0.397762	0.052027	99.81224529723937	0	56000	0	0	0	0	0	4576	0	0	0	0	0	3342336	1792	0	0	0	155648	52224	1792	52224	0	10656	0	0	
trace_2_FC_devices_seqlen_2304.txt.log	0.449789	0.397762	0.052027	99.81224529723937	0	56000	0	0	0	0	0	4576	0	0	0	0	0	3342336	1792	0	0	0	155648	52224	1792	52224	0	10656	0	0	
trace_2_FC_devices_seqlen_3072.txt.log	0.449789	0.397762	0.052027	99.81224529723937	0	56000	0	0	0	0	0	4576	0	0	0	0	0	3342336	1792	0	0	0	155648	52224	1792	52224	0	10656	0	0	
trace_2_FC_devices_seqlen_30976.txt.log	0.449789	0.397762	0.052027	99.81224529723937	0	56000	0	0	0	0	0	4576	0	0	0	0	0	3342336	1792	0	0	0	155648	52224	1792	52224	0	10656	0	0	
trace_2_FC_devices_seqlen_4096.txt.log	0.449789	0.397762	0.052027	99.81224529723937	0	56000	0	0	0	0	0	4576	0	0	0	0	0	3342336	1792	0	0	0	155648	52224	1792	52224	0	10656	0	0	
trace_2_FC_devices_seqlen_6400.txt.log	0.449789	0.397762	0.052027	99.81224529723937	0	56000	0	0	0	0	0	4576	0	0	0	0	0	3342336	1792	0	0	0	155648	52224	1792	52224	0	10656	0	0	
trace_32_FC_devices_seqlen_1024.txt.log	0.0519135	0.046893	0.0050205	99.87575486145222	0	4064	0	0	0	0	0	512	0	0	0	0	0	253952	128	0	0	0	155648	3968	128	3968	0	5728	0	0	
trace_32_FC_devices_seqlen_14592.txt.log	0.0519135	0.046893	0.0050205	99.87575486145222	0	4064	0	0	0	0	0	512	0	0	0	0	0	253952	128	0	0	0	155648	3968	128	3968	0	5728	0	0	
trace_32_FC_devices_seqlen_2048.txt.log	0.0519135	0.046893	0.0050205	99.87575486145222	0	4064	0	0	0	0	0	512	0	0	0	0	0	253952	128	0	0	0	155648	3968	128	3968	0	5728	0	0	
trace_32_FC_devices_seqlen_2304.txt.log	0.0519135	0.046893	0.0050205	99.87575486145222	0	4064	0	0	0	0	0	512	0	0	0	0	0	253952	128	0	0	0	155648	3968	128	3968	0	5728	0	0	
trace_32_FC_devices_seqlen_3072.txt.log	0.0519135	0.046893	0.0050205	99.87575486145222	0	4064	0	0	0	0	0	512	0	0	0	0	0	253952	128	0	0	0	155648	3968	128	3968	0	5728	0	0	
trace_32_FC_devices_seqlen_30976.txt.log	0.0519135	0.046893	0.0050205	99.87575486145222	0	4064	0	0	0	0	0	512	0	0	0	0	0	253952	128	0	0	0	155648	3968	128	3968	0	5728	0	0	
trace_32_FC_devices_seqlen_4096.txt.log	0.0519135	0.046893	0.0050205	99.87575486145222	0	4064	0	0	0	0	0	512	0	0	0	0	0	253952	128	0	0	0	155648	3968	128	3968	0	5728	0	0	
trace_32_FC_devices_seqlen_6400.txt.log	0.0519135	0.046893	0.0050205	99.87575486145222	0	4064	0	0	0	0	0	512	0	0	0	0	0	253952	128	0	0	0	155648	3968	128	3968	0	5728	0	0	
trace_4_FC_devices_seqlen_1024.txt.log	0.234127	0.207763	0.026364	99.81954238511577	0	27744	0	0	0	0	0	2368	0	0	0	0	0	1671168	896	0	0	0	155648	26112	896	26112	0	7712	0	0	
trace_4_FC_devices_seqlen_14592.txt.log	0.234127	0.207763	0.026364	99.81954238511577	0	27744	0	0	0	0	0	2368	0	0	0	0	0	1671168	896	0	0	0	155648	26112	896	26112	0	7712	0	0	
trace_4_FC_devices_seqlen_2048.txt.log	0.234127	0.207763	0.026364	99.81954238511577	0	27744	0	0	0	0	0	2368	0	0	0	0	0	1671168	896	0	0	0	155648	26112	896	26112	0	7712	0	0	
trace_4_FC_devices_seqlen_2304.txt.log	0.234127	0.207763	0.026364	99.81954238511577	0	27744	0	0	0	0	0	2368	0	0	0	0	0	1671168	896	0	0	0	155648	26112	896	26112	0	7712	0	0	
trace_4_FC_devices_seqlen_3072.txt.log	0.234127	0.207763	0.026364	99.81954238511577	0	27744	0	0	0	0	0	2368	0	0	0	0	0	1671168	896	0	0	0	155648	26112	896	26112	0	7712	0	0	
trace_4_FC_devices_seqlen_30976.txt.log	0.234127	0.207763	0.026364	99.81954238511577	0	27744	0	0	0	0	0	2368	0	0	0	0	0	1671168	896	0	0	0	155648	26112	896	26112	0	7712	0	0	
trace_4_FC_devices_seqlen_4096.txt.log	0.234127	0.207763	0.026364	99.81954238511577	0	27744	0	0	0	0	0	2368	0	0	0	0	0	1671168	896	0	0	0	155648	26112	896	26112	0	7712	0	0	
trace_4_FC_devices_seqlen_6400.txt.log	0.234127	0.207763	0.026364	99.81954238511577	0	27744	0	0	0	0	0	2368	0	0	0	0	0	1671168	896	0	0	0	155648	26112	896	26112	0	7712	0	0	
trace_8_FC_devices_seqlen_1024.txt.log	0.128448	0.113895	0.014553	99.83222782760339	0	14176	0	0	0	0	0	1312	0	0	0	0	0	851968	448	0	0	0	155648	13312	448	13312	0	6240	0	0	
trace_8_FC_devices_seqlen_14592.txt.log	0.128448	0.113895	0.014553	99.83222782760339	0	14176	0	0	0	0	0	1312	0	0	0	0	0	851968	448	0	0	0	155648	13312	448	13312	0	6240	0	0	
trace_8_FC_devices_seqlen_2048.txt.log	0.128448	0.113895	0.014553	99.83222782760339	0	14176	0	0	0	0	0	1312	0	0	0	0	0	851968	448	0	0	0	155648	13312	448	13312	0	6240	0	0	
trace_8_FC_devices_seqlen_2304.txt.log	0.128448	0.113895	0.014553	99.83222782760339	0	14176	0	0	0	0	0	1312	0	0	0	0	0	851968	448	0	0	0	155648	13312	448	13312	0	6240	0	0	
trace_8_FC_devices_seqlen_3072.txt.log	0.128448	0.113895	0.014553	99.83222782760339	0	14176	0	0	0	0	0	1312	0	0	0	0	0	851968	448	0	0	0	155648	13312	448	13312	0	6240	0	0	
trace_8_FC_devices_seqlen_30976.txt.log	0.128448	0.113895	0.014553	99.83222782760339	0	14176	0	0	0	0	0	1312	0	0	0	0	0	851968	448	0	0	0	155648	13312	448	13312	0	6240	0	0	
trace_8_FC_devices_seqlen_4096.txt.log	0.128448	0.113895	0.014553	99.83222782760339	0	14176	0	0	0	0	0	1312	0	0	0	0	0	851968	448	0	0	0	155648	13312	448	13312	0	6240	0	0	
trace_8_FC_devices_seqlen_6400.txt.log	0.128448	0.113895	0.014553	99.83222782760339	0	14176	0	0	0	0	0	1312	0	0	0	0	0	851968	448	0	0	0	155648	13312	448	13312	0	6240	0	0	
