trace_1_FC_devices_seqlen_1024.txt.log	0.2445305	0.2157436875	0.0287868125	97.12167807287844	0	28192	836	5312	14656	0	0	2496	0	0	0	0	0	1646720	1376	21696	1216	1216	105984	29504	1376	29504	512	15840	0	0	
trace_1_FC_devices_seqlen_2048.txt.log	0.269068	0.2363394375	0.0327285625	95.97599979373244	0	29600	1220	9408	22848	0	0	2752	0	0	0	0	0	1712256	1376	25792	1216	1216	140800	34112	1376	34112	512	25312	0	0	
trace_1_FC_devices_seqlen_3072.txt.log	0.2921795	0.2528299375	0.0393495625	95.06083802936209	0	30688	1380	13504	31040	0	0	2976	0	0	0	0	0	1777792	1376	29888	1216	1216	175616	38720	1376	38720	512	34720	0	0	
trace_1_FC_devices_seqlen_4096.txt.log	0.3164055	0.272783171875	0.043622328125	94.21449986646881	0	32112	1572	17600	39232	0	0	3232	0	0	0	0	0	1843328	1376	33984	1216	1216	210432	43328	1376	43328	512	43978	0	0	
trace_2_FC_devices_seqlen_1024.txt.log	0.137575	0.1217011875	0.0158738125	95.03426540069053	0	14688	964	5312	14656	0	0	1408	0	0	0	0	0	848000	704	21696	1216	1216	89600	15168	704	15168	512	9760	0	0	
trace_2_FC_devices_seqlen_2048.txt.log	0.1548725	0.1352356875	0.0196368125	93.27172351450386	0	15600	1012	9408	22848	0	0	1568	0	0	0	0	0	897152	704	25792	1216	1216	108032	17728	704	17728	512	15136	0	0	
trace_2_FC_devices_seqlen_3072.txt.log	0.1728055	0.1482251875	0.0245803125	91.7321244115494	0	16544	1380	13504	31040	0	0	1760	0	0	0	0	0	946304	704	29888	1216	1216	126464	20288	704	20288	512	20192	0	0	
trace_2_FC_devices_seqlen_4096.txt.log	0.1907	0.1613494375	0.0293505625	90.6228041426324	0	17648	1572	17600	39232	0	0	1952	0	0	0	0	0	995456	704	33984	1216	1216	144896	22848	704	22848	512	25248	0	0	
trace_4_FC_devices_seqlen_1024.txt.log	0.0822555	0.073248234375	0.009007265625	92.04878397189246	0	7648	963	5312	14656	0	0	832	0	0	0	0	0	440448	352	21696	1216	1216	81408	7872	352	7872	512	6880	0	0	
trace_4_FC_devices_seqlen_2048.txt.log	0.096629	0.083009234375	0.013619765625	89.48148330211427	0	8400	1123	9408	22848	0	0	960	0	0	0	0	0	481408	352	25792	1216	1216	91648	9408	352	9408	512	9888	0	0	
trace_4_FC_devices_seqlen_3072.txt.log	0.111488	0.093190234375	0.018297765625	87.64373744259471	0	9472	1379	13504	31040	0	0	1120	0	0	0	0	0	522368	352	29888	1216	1216	101888	10944	352	10944	512	12896	0	0	
trace_4_FC_devices_seqlen_4096.txt.log	0.126009	0.104321734375	0.021687265625	86.01487542556484	0	10176	1564	17600	39232	0	0	1280	0	0	0	0	0	563328	352	33984	1216	1216	112128	12480	352	12480	512	16160	0	0	
trace_8_FC_devices_seqlen_1024.txt.log	0.0582195	0.0516901875	0.0065293125	88.560292298972	0	4608	964	5312	14656	0	0	576	0	0	0	0	0	248960	192	21696	1216	1216	81408	4864	192	4864	512	6304	0	0	
trace_8_FC_devices_seqlen_2048.txt.log	0.069962	0.0602279375	0.0097340625	85.17152614990995	0	5312	1141	9408	22848	0	0	704	0	0	0	0	0	281728	192	25792	1216	1216	83456	5376	192	5376	512	7274	0	0	
trace_8_FC_devices_seqlen_3072.txt.log	0.0839775	0.0682859375	0.0156915625	83.47234006132595	0	6048	1380	13504	31040	0	0	832	0	0	0	0	0	322688	192	29888	1216	1216	93696	6912	192	6912	512	10464	0	0	
trace_8_FC_devices_seqlen_4096.txt.log	0.095571	0.0766111875	0.0189598125	81.54650730870243	0	6800	1572	17600	39232	0	0	960	0	0	0	0	0	355456	192	33984	1216	1216	95744	7424	192	7424	512	11424	0	0	
