trace_1_FC_devices_seqlen_1024.txt.log	0.066689	0.059589890625	0.007099109375	86.63666421748714	2372	13344	1860	5376	14848	0	0	0	0	0	13600	0	0	831552	704	21120	1280	1280	89600	14912	704	14912	256	8964	0	0	
trace_1_FC_devices_seqlen_2048.txt.log	0.077915	0.070511890625	0.007403109375	81.82289995507925	2692	13952	2180	9472	23040	0	0	0	0	0	14208	0	0	864320	704	25216	1280	1280	108032	17216	704	17216	256	13572	0	0	
trace_1_FC_devices_seqlen_3072.txt.log	0.089105	0.081413890625	0.007691109375	78.20373435834128	2884	14528	2372	13568	31232	0	0	0	0	0	14784	0	0	897088	704	29312	1280	1280	126464	19520	704	19520	256	18180	0	0	
trace_1_FC_devices_seqlen_4096.txt.log	0.100295	0.092315890625	0.007979109375	75.39215564085947	3076	15104	2564	17664	39424	0	0	0	0	0	15360	0	0	929856	704	33408	1280	1280	144896	21824	704	21824	256	22788	0	0	
trace_2_FC_devices_seqlen_1024.txt.log	0.041791	0.037907890625	0.003883109375	79.03525878777728	2372	6912	1860	5376	14848	0	0	0	0	0	7168	0	0	424000	352	21120	1280	1280	81408	7616	352	7616	256	6020	0	0	
trace_2_FC_devices_seqlen_2048.txt.log	0.051209	0.047085890625	0.004123109375	72.72903688804702	2692	7392	2180	9472	23040	0	0	0	0	0	7648	0	0	448576	352	25216	1280	1280	91648	8896	352	8896	256	8580	0	0	
trace_2_FC_devices_seqlen_3072.txt.log	0.060591	0.056243890625	0.004347109375	68.3499818454886	2884	7840	2372	13568	31232	0	0	0	0	0	8096	0	0	473152	352	29312	1280	1280	101888	10176	352	10176	256	11140	0	0	
trace_2_FC_devices_seqlen_4096.txt.log	0.069973	0.065401890625	0.004571109375	65.14521672645162	3076	8288	2564	17664	39424	0	0	0	0	0	8544	0	0	497728	352	33408	1280	1280	112128	11456	352	11456	256	13700	0	0	
trace_4_FC_devices_seqlen_1024.txt.log	0.030796	0.028416890625	0.002379109375	71.71101766463177	2372	3904	1860	5376	14848	0	0	0	0	0	4160	0	0	232512	192	21120	1280	1280	81408	4608	192	4608	256	5700	0	0	
trace_4_FC_devices_seqlen_2048.txt.log	0.038406	0.035850890625	0.002555109375	63.88926860386398	2692	4256	2180	9472	23040	0	0	0	0	0	4512	0	0	248896	192	25216	1280	1280	83456	4864	192	4864	256	6212	0	0	
trace_4_FC_devices_seqlen_3072.txt.log	0.047788	0.045008890625	0.002779109375	60.07248158533523	2884	4704	2372	13568	31232	0	0	0	0	0	4960	0	0	273472	192	29312	1280	1280	93696	6144	192	6144	256	8772	0	0	
trace_4_FC_devices_seqlen_4096.txt.log	0.055362	0.052422890625	0.002939109375	56.20563292511109	3076	5024	2564	17664	39424	0	0	0	0	0	5280	0	0	289856	192	33408	1280	1280	95744	6400	192	6400	256	9284	0	0	
trace_8_FC_devices_seqlen_1024.txt.log	0.0248195	0.023256390625	0.001563109375	64.96101855395959	2372	2272	1860	5376	14848	0	0	0	0	0	2528	0	0	128576	96	21120	1280	1280	81408	2976	96	2976	256	5508	0	0	
trace_8_FC_devices_seqlen_2048.txt.log	0.0324295	0.030690390625	0.001739109375	57.28175735056045	2692	2624	2180	9472	23040	0	0	0	0	0	2880	0	0	144960	96	25216	1280	1280	83456	3232	96	3232	256	6020	0	0	
trace_8_FC_devices_seqlen_3072.txt.log	0.0400035	0.038104390625	0.001899109375	52.458691114527475	2884	2944	2372	13568	31232	0	0	0	0	0	3200	0	0	161344	96	29312	1280	1280	85504	3488	96	3488	256	6532	0	0	
trace_8_FC_devices_seqlen_4096.txt.log	0.0475775	0.045518390625	0.002059109375	49.17122064000841	3076	3264	2564	17664	39424	0	0	0	0	0	3520	0	0	177728	96	33408	1280	1280	87552	3744	96	3744	256	7044	0	0	
